015219022550
020305006891
060214030588
074307029488
070193005762
015210029700
006205016356
068073031124
095181022615
027310021996
094181002195
042314006243
037191009161
052196028259
054085029356
094214032241
023082000064
044205003741
079173011516
002182005067
084302013839
046074017254
045306022984
025197026243
012097008038
084083003461
042179022503
038211022449
026225032391
049099007779
044223000785
077180007735
056221003382
070080015596
014184016247
082219022726
025176014707
025214014006
037092025749
017093013983
023081017260
037186000354
008171023365
025095031388
092189012462
066300028737
091302000789
001079023664
093306018589
023218008760